<?xml version="1.0"?>
<opencv_storage>
<Camera>
  <ID>3</ID>
  <CameraMatrix type_id="opencv-matrix">
    <rows>3</rows>
    <cols>3</cols>
    <dt>d</dt>
    <data>
      1.2888415031588859e+03 0. 6.9258350855344986e+02 0.
      1.2859220119523829e+03 5.1948053225267824e+02 0. 0. 1.</data></CameraMatrix>
  <Distortion type_id="opencv-matrix">
    <rows>1</rows>
    <cols>5</cols>
    <dt>d</dt>
    <data>
      -1.5675499960833567e-01 -4.2048291165413337e-01
      -2.3314230629539576e-03 -1.0143561668938194e-03
      5.0370290557569886e-01</data></Distortion>
  <ImageSize>
    1280 960</ImageSize></Camera>
</opencv_storage>
