<?xml version="1.0"?>
<opencv_storage>
<StereoPair>
  <LeftCamera>
    <ID>2</ID>
    <CameraMatrix type_id="opencv-matrix">
      <rows>3</rows>
      <cols>3</cols>
      <dt>d</dt>
      <data>
        1.2888415031588859e+03 0. 6.9258350855344986e+02 0.
        1.2859220119523829e+03 5.1948053225267824e+02 0. 0. 1.</data></CameraMatrix>
    <Distortion type_id="opencv-matrix">
      <rows>1</rows>
      <cols>5</cols>
      <dt>d</dt>
      <data>
        -1.5675499960833567e-01 -4.2048291165413337e-01
        -2.3314230629539576e-03 -1.0143561668938194e-03
        5.0370290557569886e-01</data></Distortion>
    <ImageSize>
      1280 960</ImageSize></LeftCamera>
  <RightCamera>
    <ID>3</ID>
    <CameraMatrix type_id="opencv-matrix">
      <rows>3</rows>
      <cols>3</cols>
      <dt>d</dt>
      <data>
        1.2888415031588859e+03 0. 6.9258350855344986e+02 0.
        1.2859220119523829e+03 5.1948053225267824e+02 0. 0. 1.</data></CameraMatrix>
    <Distortion type_id="opencv-matrix">
      <rows>1</rows>
      <cols>5</cols>
      <dt>d</dt>
      <data>
        -1.5675499960833567e-01 -4.2048291165413337e-01
        -2.3314230629539576e-03 -1.0143561668938194e-03
        5.0370290557569886e-01</data></Distortion>
    <ImageSize>
      1280 960</ImageSize></RightCamera>
  <RotationLeft2Right type_id="opencv-matrix">
    <rows>3</rows>
    <cols>3</cols>
    <dt>d</dt>
    <data>
      9.9904240817500745e-01 -2.6301701415329084e-02
      3.4964084008316743e-02 2.6121185132846062e-02
      9.9964304326625009e-01 5.6097893584001390e-03
      -3.5099150347798105e-02 -4.6911141585889620e-03
      9.9937282487208634e-01</data></RotationLeft2Right>
  <TralslationLeft2Right type_id="opencv-matrix">
    <rows>3</rows>
    <cols>1</cols>
    <dt>d</dt>
    <data>
      3.1210345332905188e+01 8.0243665901062877e-01
      -7.7099966630831931e+00</data></TralslationLeft2Right>
  <Essentail type_id="opencv-matrix">
    <rows>3</rows>
    <cols>3</cols>
    <dt>d</dt>
    <data>
      1.7322940527082259e-01 7.7034802058846612e+00
      8.4518484793023585e-01 -6.6071570300615665e+00
      3.4919732303124018e-01 -3.1460343951610675e+01
      1.3582956274988622e-02 3.1220310039385961e+01
      1.4702700036352434e-01</data></Essentail>
  <Fundamental type_id="opencv-matrix">
    <rows>3</rows>
    <cols>3</cols>
    <dt>d</dt>
    <data>
      8.1777102968724735e-07 3.6448693029062923e-05
      -1.4358414856332212e-02 -3.1261485970920763e-05
      1.6559635649958781e-06 -1.7105735695862267e-01
      1.5756001232784454e-02 1.6428055056126731e-01 1.</data></Fundamental></StereoPair>
</opencv_storage>
